N = 16           # Number of facilities/locations
T = 4           # Number of time steps (e.g., months)
alpha = 3.1415926535/2.7182818285      # Movement cost scaling factor

d = [
    [0.0, 4.0, 8.5, 12.0, 16.0, 20.0, 25.0, 28.0, 31.0, 35.0, 10.0, 13.0, 15.0, 18.0, 21.0, 25.0], 
    [4.0, 0.0, 4.5, 8.0, 12.0, 18.0, 22.0, 26.0, 29.0, 33.0, 7.0, 10.0, 12.0, 15.0, 18.0, 23.0], 
    [8.5, 4.5, 0.0, 4.0, 9.0, 15.0, 19.0, 23.0, 27.0, 31.0, 5.0, 8.0, 10.0, 13.0, 16.0, 21.0], 
    [12.0, 8.0, 4.0, 0.0, 5.0, 11.0, 15.0, 19.0, 23.0, 27.0, 3.0, 6.0, 8.0, 11.0, 14.0, 19.0], 
    [16.0, 12.0, 9.0, 5.0, 0.0, 7.0, 11.0, 15.0, 19.0, 23.0, 2.0, 5.0, 7.0, 10.0, 13.0, 18.0], 
    [20.0, 18.0, 15.0, 11.0, 7.0, 0.0, 4.0, 9.0, 13.0, 17.0, 5.0, 8.0, 10.0, 13.0, 16.0, 12.0], 
    [25.0, 22.0, 19.0, 15.0, 11.0, 4.0, 0.0, 5.0, 9.0, 13.0, 7.0, 10.0, 12.0, 15.0, 18.0, 8.0], 
    [28.0, 26.0, 23.0, 19.0, 15.0, 9.0, 5.0, 0.0, 4.0, 8.0, 10.0, 13.0, 15.0, 18.0, 21.0, 6.0], 
    [31.0, 29.0, 27.0, 23.0, 19.0, 13.0, 9.0, 4.0, 0.0, 5.0, 13.0, 16.0, 18.0, 21.0, 24.0, 4.0], 
    [35.0, 33.0, 31.0, 27.0, 23.0, 17.0, 13.0, 8.0, 5.0, 0.0, 16.0, 19.0, 21.0, 24.0, 27.0, 3.0], 
    [10.0, 7.0, 5.0, 3.0, 2.0, 5.0, 7.0, 10.0, 13.0, 16.0, 0.0, 3.0, 5.0, 8.0, 11.0, 14.0], 
[13.0, 10.0, 8.0, 6.0, 5.0, 8.0, 10.0, 13.0, 16.0, 19.0, 3.0, 0.0, 3.0, 6.0, 9.0, 12.0], 
[15.0, 12.0, 10.0, 8.0, 7.0, 10.0, 12.0, 15.0, 18.0, 21.0, 5.0, 3.0, 0.0, 3.0, 6.0, 10.0], 
[18.0, 15.0, 13.0, 11.0, 10.0, 13.0, 15.0, 18.0, 21.0, 24.0, 8.0, 6.0, 3.0, 0.0, 3.0, 8.0], 
[21.0, 18.0, 16.0, 14.0, 13.0, 16.0, 18.0, 21.0, 24.0, 27.0, 11.0, 9.0, 6.0, 3.0, 0.0, 5.0], 
[25.0, 23.0, 21.0, 19.0, 18.0, 12.0, 8.0, 6.0, 4.0, 3.0, 14.0, 12.0, 10.0, 8.0, 5.0, 0.0]
]

flow = {
0:[
[0, 1, 1, 1, 1, 2, 1, 1, 2, 1, 1, 1, 1, 1, 1, 2 ],
[1, 0, 1, 0, 0, 2, 1, 1, 2, 0, 1, 1, 1, 1, 1, 2],
[1, 1, 0, 1, 2, 2, 1, 1, 2, 1, 1, 1, 1, 1, 1, 2],
[1, 0, 1, 0, 1, 1, 1, 1, 2, 0, 2, 2, 2, 2, 2, 3],
[1, 0, 2, 1, 0, 1, 1, 1, 2, 1, 1, 1, 1, 1, 1, 2],
[2, 2, 2, 1, 1, 0, 0, 0, 0, 0, 2, 2, 2, 2, 2, 3],
[1, 1, 1, 1, 1, 0, 0, 0, 0, 0, 2, 2, 2, 2, 2, 3],
[1, 1, 1, 1, 1, 0, 0, 0, 0, 0, 2, 2, 2, 2, 2, 3],
[2, 2, 2, 2, 2, 0, 0, 0, 0, 0, 2, 2, 2, 2, 2, 3],
[1, 0, 1, 0, 1, 0, 0, 0, 0, 0, 2, 2, 2, 2, 2, 3],
[1, 1, 1, 2, 1, 2, 2, 2, 2, 2, 0, 0, 0, 0, 0, 0],
[1, 1, 1, 2, 1, 2, 2, 2, 2, 2, 0, 0, 0, 0, 0, 0],
[1, 1, 1, 2, 1, 2, 2, 2, 2, 2, 0, 0, 0, 0, 0, 0],
[1, 1, 1, 2, 1, 2, 2, 2, 2, 2, 0, 0, 0, 0, 0, 0],
[1, 1, 1, 2, 1, 2, 2, 2, 2, 2, 0, 0, 0, 0, 0, 0],
[2, 2, 2, 3, 2, 3, 3, 3, 3, 3, 0, 0, 0, 0, 0, 0]
],
    1:[
[0, 2, 2, 2, 2, 1, 0.5, 0.5, 1, 1, 1, 1, 1, 1, 1, 2],
[2, 0, 2, 2, 2, 1, 0.5, 0.5, 1, 1, 1, 1, 1, 1, 1, 2],
[2, 2, 0, 2, 2, 1, 0.5, 0.5, 1, 1, 1, 1, 1, 1, 1, 2],
[2, 2, 2, 0, 2, 1, 0.5, 0.5, 1, 1, 1, 1, 1, 1, 1, 2],
[2, 2, 2, 2, 0, 1, 0.5, 0.5, 1, 1, 1, 1, 1, 1, 1, 2],
[1, 1, 1, 1, 1, 0, 0, 0, 0, 0, 1, 1, 1, 1, 1, 2],
[0, 0, 0, 0, 0, 0, 0, 0, 0, 0, 1, 1, 1, 1, 1, 2],
[0, 0, 0, 0, 0, 0, 0, 0, 0, 0, 1, 1, 1, 1, 1, 2],
[1, 1, 1, 1, 1, 0, 0, 0, 0, 0, 1, 1, 1, 1, 1, 2],
[1, 1, 1, 1, 1, 0, 0, 0, 0, 0, 1, 1, 1, 1, 1, 2],
[1, 1, 1, 1, 1, 0.5, 0.25, 0.25, 0.5, 0.5, 0, 0, 0, 0, 0, 0],
[1, 1, 1, 1, 1, 0.5, 0.25, 0.25, 0.5, 0.5, 1, 1, 0, 0, 0, 0, 0, 0],
[1, 1, 1, 1, 1, 0.5, 0.25, 0.25, 0.5, 0.5, 1, 1, 0, 0, 0, 0, 0, 0],
[1, 1, 1, 1, 1, 0.5, 0.25, 0.25, 0.5, 0.5, 1, 1, 0, 0, 0, 0, 0, 0],
[1, 1, 1, 1, 1, 0.5, 0.25, 0.25, 0.5, 0.5, 1, 1, 0, 0, 0, 0, 0, 0],
[1.5, 1.5, 1.5, 1.5, 1.5, 1, 0.5, 0.5, 1, 1, 0, 0, 0, 0, 0, 0]
],

    2:[
[0, 2, 2, 2, 2, 4, 2, 2, 4, 3, 2, 2, 2, 2, 2, 3 ],
[2, 0, 2, 2, 2, 4, 2, 2, 4, 3, 2, 2, 2, 2, 2, 3],
[2, 2, 0, 2, 2, 4, 2, 2, 4, 3, 2, 2, 2, 2, 2, 3],
[2, 2, 2, 0, 2, 4, 2, 2, 4, 3, 2, 2, 2, 2, 2, 3],
[2, 2, 2, 2, 0, 4, 2, 2, 4, 3, 2, 2, 2, 2, 2, 3],
[3, 3, 3, 3, 3, 0, 3, 2, 4, 2, 1, 1, 1, 1, 1, 2],
[1, 1, 1, 1, 1, 1, 0, 1, 1, 1, 1, 1, 1, 1, 1, 2],
[1, 1, 1, 1, 1, 1, 1, 0, 1, 1, 1, 1, 1, 1, 1, 2],
[3, 3, 3, 3, 3, 4, 3, 2, 0, 2, 1, 1, 1, 1, 1, 2],
[3, 3, 3, 3, 3, 3, 2, 2, 3, 0, 1, 1, 1, 1, 1, 2],
[2, 2, 2, 2, 2, 1, 1, 1, 1, 1, 0, 0, 0, 0, 0, 0],
[2, 2, 2, 2, 2, 1, 1, 1, 1, 1, 0, 0, 0, 0, 0, 0],
[2, 2, 2, 2, 2, 1, 1, 1, 1, 1, 0, 0, 0, 0, 0, 0],
[2, 2, 2, 2, 2, 1, 1, 1, 1, 1, 0, 0, 0, 0, 0, 0],
[2, 2, 2, 2, 2, 1, 1, 1, 1, 1, 0, 0, 0, 0, 0, 0],
[2, 2, 2, 2, 2, 2, 2, 2, 2, 2, 0, 0, 0, 0, 0, 0]
],

    3:[
[0, 2, 0, 1, 2, 2, 2, 2, 2, 2, 2, 2, 2, 2, 2, 3],
[2, 0, 2, 1, 0, 2, 1, 1, 2, 2, 2, 2, 2, 2, 2, 3],
[0, 2, 0, 1, 2, 2, 2, 2, 2, 2, 2, 2, 2, 2, 2, 3],
[1, 1, 1, 0, 1, 2, 2, 2, 2, 2, 3, 3, 3, 3, 3, 4],
[2, 0, 2, 1, 0, 2, 1, 1, 2, 2, 2, 2, 2, 2, 2, 3],
[2, 2, 2, 2, 2, 0, 0, 0, 0, 0, 3, 3, 3, 3, 3, 4],
[2, 1, 2, 2, 1, 0, 0, 0, 0, 0, 3, 3, 3, 3, 3, 4],
[2, 1, 2, 2, 1, 0, 0, 0, 0, 0, 3, 3, 3, 3, 3, 4],
[2, 2, 2, 2, 2, 0, 0, 0, 0, 0, 3, 3, 3, 3, 3, 4],
[2, 2, 2, 2, 2, 0, 0, 0, 0, 0, 3, 3, 3, 3, 3, 4],
[2, 2, 2, 3, 2, 3, 3, 3, 3, 3, 0, 0, 0, 0, 0, 0],
[2, 2, 2, 3, 2, 3, 3, 3, 3, 3, 0, 0, 0, 0, 0, 0],
[2, 2, 2, 3, 2, 3, 3, 3, 3, 3, 0, 0, 0, 0, 0, 0],
[2, 2, 2, 3, 2, 3, 3, 3, 3, 3, 0, 0, 0, 0, 0, 0],
[2, 2, 2, 3, 2, 3, 3, 3, 3, 3, 0, 0, 0, 0, 0, 0],
[3, 3, 3, 4, 3, 4, 4, 4, 4, 4, 0, 0, 0, 0, 0, 0]
]

}